101 91 89 79 75 71 67 63 51 48 27 
101 91 89 83 75 71 67 63 51 48 23 
101 91 89 83 79 75 71 67 51 27 23 5 
112 89 83 79 75 71 67 51 48 37 27 23 
112 91 89 79 75 67 63 51 48 37 27 23 
112 91 89 79 75 71 67 63 51 37 27 
112 91 89 83 71 67 63 51 48 37 27 23 
112 91 89 83 75 71 67 63 51 37 23 
112 91 89 83 79 75 67 63 48 27 23 5 
112 91 89 83 79 75 71 63 51 48 
112 91 89 83 79 75 71 67 63 27 5 
112 101 83 79 71 67 63 51 48 37 27 23 
112 101 83 79 75 71 67 63 51 37 23 
112 101 89 79 75 71 67 51 48 37 27 5 
112 101 89 83 75 71 63 51 48 37 27 5 
112 101 89 83 75 71 67 63 51 27 23 
112 101 89 83 79 67 63 51 48 37 27 5 
112 101 89 83 79 75 67 63 51 37 5 
112 101 89 83 79 75 71 67 48 37 
112 101 91 79 75 71 67 63 48 27 23 5 
112 101 91 83 75 71 67 63 51 48 
112 101 91 83 79 75 67 51 48 27 23 5 
112 101 91 83 79 75 71 63 37 27 23 
112 101 91 83 79 75 71 67 51 27 5 
112 101 91 89 71 67 63 51 48 37 27 5 
112 101 91 89 75 71 67 63 51 37 5 
112 101 91 89 79 75 67 63 48 37 
112 101 91 89 83 71 67 63 48 37 
112 101 91 89 83 75 71 48 37 27 23 5 
112 101 91 89 83 79 67 48 37 27 23 5 
112 101 91 89 83 79 71 51 48 37 
112 101 91 89 83 79 71 67 37 27 5 
112 101 91 89 83 79 75 63 37 27 5 
112 101 91 89 83 79 75 67 37 23 5 

